pos(true)/ner(false) False | question: tagger3 | lr: 0.04  | batch size 70 | dim layer 100 | 2018-12-03 15:38:33.317292
Loss
0 58.78844621 58.78844621
1 58.77863272 58.77863272
2 58.75816309 58.75816309
3 58.50104793 58.50104793
4 57.10693746 57.10693746
5 56.745029 56.745029
6 56.19062221 56.19062221
7 56.0320315 56.0320315
8 55.74355657 55.74355657
9 55.71910868 55.71910868
10 55.63658381 55.63658381
11 55.557144 55.557144
12 55.58283862 55.58283862
13 55.32053357 55.32053357
14 54.97646872 54.97646872
15 54.8501129 54.8501129
16 54.69425026 54.69425026
17 54.54663383 54.54663383
18 54.51946088 54.51946088
19 54.47314295 54.47314295
20 54.503293 54.503293
21 54.47758076 54.47758076
22 54.40773239 54.40773239
23 54.40086097 54.40086097
24 54.50900009 54.50900009
25 54.26958402 54.26958402
26 54.33071307 54.33071307
27 54.35343318 54.35343318
28 54.28878902 54.28878902
29 54.36931566 54.36931566
30 54.15770411 54.15770411
31 54.17511654 54.17511654
32 54.1815863 54.1815863
33 54.24667669 54.24667669
34 54.14203892 54.14203892
accuracy
0 0.00204978 0.00204978
1 0.003659786 0.003659786
2 0.00731208 0.00731208
3 0.076422304 0.076422304
4 0.341117275 0.341117275
5 0.422833496 0.422833496
6 0.473176918 0.473176918
7 0.506068863 0.506068863
8 0.53412388 0.53412388
9 0.547783251 0.547783251
10 0.559076394 0.559076394
11 0.568111646 0.568111646
12 0.575783133 0.575783133
13 0.59046301 0.59046301
14 0.643644379 0.643644379
15 0.663379596 0.663379596
16 0.682272616 0.682272616
17 0.69578725 0.69578725
18 0.698696462 0.698696462
19 0.708768909 0.708768909
20 0.705759804 0.705759804
21 0.709315102 0.709315102
22 0.714232811 0.714232811
23 0.717879494 0.717879494
24 0.708985787 0.708985787
25 0.731274802 0.731274802
26 0.72683882 0.72683882
27 0.723934668 0.723934668
28 0.731132654 0.731132654
29 0.725734316 0.725734316
30 0.745137157 0.745137157
31 0.744068216 0.744068216
32 0.744174578 0.744174578
33 0.737311973 0.737311973
34 0.747641509 0.747641509
end


